1.87779e-05 4.63813e+00 1.72768e+01 1.51862e+01 4.90688e-06
1.42306e-04 1.69406e+00 4.16223e+00 2.22556e+01 1.92743e-01
1.36270e-01 1.08260e+00 5.59361e+00 3.54873e+00 4.05001e-04
4.89345e-01 8.50139e-01 2.73563e+00 1.76362e+01 1.57211e-01
1.41053e-02 9.57899e-01 7.65902e+00 1.60046e+01 2.00874e-01
4.86099e-01 4.51071e+00 1.53353e-01 2.45790e+01 2.63306e-04
5.49105e-01 2.15361e+00 2.49244e-01 2.73148e+01 5.56979e-04
3.47202e-01 4.76738e-01 -1.00000e+00 2.52780e+01 2.36565e-04
4.04557e-01 1.94962e+00 -1.00000e+00 2.85171e+01 4.45536e-05
2.66262e-06 4.62777e-01 4.92005e+01 3.51919e-01 2.43687e-01
2.27319e-01 1.65897e+00 6.30973e+00 3.23539e+01 2.19003e-04
5.94998e-06 1.14817e+00 2.83448e+00 2.66119e+01 8.88990e-05
1.05345e+00 8.53008e-01 4.14443e+00 2.71840e+01 2.21912e-01
8.79491e-05 5.80260e-01 7.84007e-01 1.66496e+01 1.87591e-04
3.42742e-05 8.21655e+00 8.87282e+00 1.32567e+01 1.98231e-04
7.97485e-03 5.02878e+00 3.19223e+01 1.11005e+01 1.98420e-04
2.84814e-05 5.55294e+00 -1.00000e+00 3.45284e+01 -1.00000e+00
1.39467e-02 6.71319e-01 1.04394e+00 3.18894e+01 6.81018e-05
4.70500e-01 1.63192e+00 6.29336e-01 2.18477e+01 4.90592e-07
7.22481e-01 2.28446e+00 3.99796e+00 1.69195e+01 1.98825e-04
7.14701e-01 8.46340e-01 2.31145e+00 1.50059e+01 6.34820e-04
5.92633e-01 2.19455e+00 4.86348e-01 1.85431e+01 1.82007e-04
6.09459e-01 6.15469e-01 2.38149e+00 1.45573e+01 1.89702e-01
1.93788e-01 4.20576e-01 6.42716e+00 7.25724e+00 1.19981e-01
1.39779e-06 3.01899e+00 8.11376e+00 2.25270e+01 2.01009e-01
9.14706e-01 7.33844e-01 8.21259e+00 1.46743e+01 6.69036e-04
7.39513e-01 1.51335e+00 1.63151e+01 1.50609e+01 3.41567e-01
5.49036e-01 1.76800e+00 1.40359e+01 2.85545e+01 8.62112e-05
1.36941e-05 3.26110e+00 1.93963e+01 1.79954e+01 2.87887e-04
3.07245e-01 1.02919e+00 3.74464e+00 2.21661e+01 6.01046e-05
1.62711e-01 6.09332e-01 1.07432e+01 8.50913e+00 2.08614e-01
3.92097e-01 1.24215e+00 5.18443e+00 3.28565e+01 1.01592e-01
1.06941e-04 2.40175e+00 3.79592e+00 7.21123e+00 3.36922e-04
5.20782e-02 4.38795e+00 1.27166e+01 2.11766e+01 3.84603e-02
5.54731e-01 4.41776e+00 1.81937e+01 1.12856e+01 1.00760e-04
5.14322e-01 6.56541e+00 2.40574e+00 2.17759e+01 1.14263e-04
1.38152e+00 9.76609e-01 1.64094e+00 1.49898e+01 1.69247e-01
6.14488e-01 2.85588e+00 1.93716e-01 2.13661e+01 1.07938e-01
5.58297e-05 7.60700e+00 1.76150e+01 2.74506e+01 2.50447e-06
7.59107e-01 2.14836e+00 4.41462e+00 2.50061e+01 2.70834e-01
8.45931e-06 2.79853e+00 4.93166e+00 2.46710e+01 9.24415e-03
1.31744e-01 2.67468e+00 9.83452e+00 1.53861e+01 7.16002e-01
3.63620e-01 4.20059e+00 1.50158e+00 1.16222e+01 2.83621e-04
3.56459e-02 1.86466e+01 1.04573e+00 1.49361e+01 5.11766e-04
3.15021e-01 2.30225e+00 1.69103e+00 2.79787e+01 1.21456e-01
6.36459e-01 2.40513e-01 1.23666e+01 1.35340e+01 3.52736e-04
8.53189e-01 1.49464e+00 1.27699e+01 1.73118e+01 8.65317e-07
2.90994e-04 1.05693e+00 5.47216e+00 1.83489e+01 6.15763e-04
1.80877e-01 1.20856e+00 7.16125e+00 1.56634e+01 7.53902e-04
1.90060e-05 3.17700e-01 4.80150e+01 8.10109e-01 1.23141e+00
8.08958e-05 1.64801e+00 3.79793e+01 9.65920e+00 7.61777e-05
5.24032e-05 3.63937e+00 2.35457e-01 1.69683e+01 3.43774e-01
9.34267e-05 5.33325e-01 1.07355e+01 7.83497e+00 2.06602e+00
3.56800e-01 5.23634e-01 5.79071e+00 1.26711e+01 2.08469e-01
1.56204e-01 1.75374e+00 1.90453e+01 8.41826e+00 3.96197e-01
1.23654e-05 6.16526e-06 6.21770e+01 4.97339e-01 3.24913e-01
3.42759e-02 8.94523e-01 3.05540e+01 1.19398e+01 1.60074e-04
4.95322e-05 1.97312e+00 2.52109e+01 2.06288e+01 1.07910e-01
1.45944e-05 8.97387e-02 6.21580e+01 1.44043e+00 2.50639e-01
8.19792e-02 1.32484e+00 6.25500e+00 1.46169e+01 9.23420e-02
2.40439e-01 6.66612e-01 3.23709e+01 7.99957e+00 3.38445e-04
5.08091e-05 8.94133e-01 7.02360e+00 1.10703e+01 1.44250e-01
-1.00000e+00 1.37186e+00 4.04287e+01 1.57469e+01 1.45380e-01
-1.00000e+00 1.03509e-01 9.82489e+00 1.81909e+01 1.44910e-01
4.66173e-01 2.58189e+00 -1.00000e+00 2.34428e+01 6.84110e-04
7.13310e-01 3.84304e-01 9.20334e-01 1.12606e+01 5.78753e-01
1.18943e-04 3.78678e+00 1.90183e+01 1.12469e+01 3.48850e-01
1.37453e-01 1.60739e+00 8.91246e+00 3.49999e+01 2.34416e-01
1.09494e+00 1.56653e+00 1.90731e+01 6.79089e+00 2.27281e-02
1.28862e-04 3.22050e-01 2.30220e+01 2.45540e+01 2.40113e-01
2.80581e-01 1.60189e+00 1.05778e+01 1.40276e+01 4.96329e-01
9.01460e-07 2.49946e+00 4.54617e+01 6.46303e+00 1.46731e-04
4.96555e-01 1.13474e+00 4.61541e+01 3.82252e+00 2.13362e-01
1.15641e-04 3.38195e+00 2.04015e+01 1.08904e+01 3.59760e-01
2.78452e-01 1.84253e+00 2.09005e+01 2.12250e+01 4.79269e-01
1.01034e-04 6.82088e-01 5.40818e+01 4.19535e+00 2.07166e-01
1.88817e-07 4.81754e-04 1.18398e+01 1.11284e+01 9.89648e-05
2.58505e-01 8.32948e-01 2.48835e+01 9.38847e+00 5.02552e-01
2.41373e-04 2.39238e+00 3.01602e+00 1.30092e+01 8.39031e-01
2.33942e-04 3.30420e+00 4.97826e+00 1.53793e+01 4.23827e-01
6.48331e-06 6.70762e-01 1.40397e+01 1.70831e+01 4.12659e-01
2.50483e-01 5.22930e-01 3.94927e-01 2.46011e+01 4.32234e-01
6.58665e-05 2.73470e-04 5.79632e+01 2.09065e-02 2.87330e-01
7.89946e-01 2.88794e+00 9.30990e-01 2.70556e+01 3.82640e-06
2.34769e-01 4.06820e+00 1.18529e+00 1.72711e+01 2.94611e-01
2.45548e-01 1.18210e+00 1.13569e+01 1.22451e+01 7.23682e-05
4.05328e-02 1.16813e+00 2.11021e+01 1.05034e+01 1.02625e-01
2.94554e-04 1.80167e-02 4.34209e+01 2.95857e+00 9.27511e-01
1.87207e-01 8.62793e-02 4.00510e+01 1.48253e+01 3.34397e-02
9.86244e-05 4.03404e-01 8.29879e+00 2.73903e+01 7.16562e-02
2.16282e-01 5.86564e-01 2.28361e+00 1.79976e+01 1.82242e-01
3.05449e-04 2.88466e+00 5.47635e-01 2.18616e+01 1.10418e-04
2.32972e-05 9.56243e-01 2.93474e+01 1.75375e+01 2.82354e-04
2.02189e-04 1.45144e+00 1.68053e+01 2.13410e+01 1.94864e-04
1.11105e-04 9.67283e-04 3.05215e+01 1.83259e+00 7.12630e-05
1.32279e-04 1.06527e+00 1.75869e+01 1.11258e+01 3.71640e-01
3.53986e-01 7.46410e-01 8.62856e+00 1.28933e+01 1.93095e-04
9.39197e-05 2.73030e+00 3.36144e+01 1.18616e+01 2.07074e-01
1.78927e-01 5.90954e+00 8.57798e+00 1.44917e+01 5.17938e-04
7.69455e-05 4.71804e-01 2.29254e+01 1.12042e+01 6.88206e-06
3.90202e-01 6.48524e-01 1.06358e+01 1.79352e+01 2.43175e-04
8.68268e-06 1.83246e+00 6.05791e+01 2.70383e+00 1.11062e-01
8.18329e-05 3.77650e-01 5.47118e+01 1.03220e+01 4.60211e-03
2.18653e-04 1.80861e+00 2.26030e+00 1.67145e+01 6.59623e-05
7.20662e-05 1.07637e+00 3.36443e+01 7.55672e+00 1.59488e-04
1.37842e-01 2.33836e+00 1.95255e+01 1.50321e+01 1.07823e-04
1.13955e-06 8.23153e-05 3.21868e+01 1.54223e+01 4.08589e-01
1.41246e-03 1.06771e+00 2.71823e+01 1.71773e+01 8.84914e-04
2.77959e-06 5.72128e-01 3.78986e+01 8.15116e+00 1.89299e-01
-1.00000e+00 1.59180e-04 1.43757e+01 2.12310e+01 1.97421e-01
9.07848e-05 1.68992e+00 1.90724e+01 1.82978e+01 7.75840e-05
8.22153e-01 9.73351e-02 1.35244e+01 1.51059e+01 2.89431e-04
-1.00000e+00 1.65208e+00 1.88182e+01 1.71805e+01 6.88273e-01
9.68481e-05 2.75273e-01 1.29543e+01 9.44106e+00 3.65199e-01
8.81953e-02 1.27316e+00 2.87214e+01 7.39278e+00 6.48895e-04
3.05057e-04 1.27638e-03 2.80049e+01 9.79116e+00 5.87414e-05
2.55529e-01 2.53876e-04 1.62764e+01 8.91090e+00 4.65273e-04
1.70719e-03 1.88500e-01 4.39326e+01 9.06386e+00 3.29307e-01
4.77933e-05 1.17456e-01 6.08814e+01 6.31761e-01 6.68378e-05
6.87507e-01 2.26193e+00 5.14724e-01 1.89488e+01 6.80809e-01
2.64678e-04 3.24358e-01 2.47777e+00 9.53787e+00 3.67253e-01
7.02410e-04 5.02654e-01 4.59819e+01 9.16412e-01 2.92168e-01
3.52183e-06 1.02719e+00 2.81418e+01 8.96920e+00 1.21613e-01
1.21732e-01 1.85781e+00 3.66146e+01 7.00413e+00 4.03347e-02
4.56629e-08 3.14566e+00 1.61493e+01 6.70802e+00 1.95321e-05
2.87673e-01 4.48342e-01 2.77862e+01 2.44361e+00 3.67569e-04
1.71243e-01 9.56292e-01 2.52552e+01 1.22757e+01 4.21189e-01
2.14976e-04 2.04134e+00 2.79532e+00 1.47082e+01 2.48117e-01
1.21782e-04 6.59340e-01 3.32165e+01 4.81409e+00 7.30583e-01
1.32481e-06 1.25963e+00 2.93685e+01 5.38755e+00 3.03247e-05
4.80698e-02 3.07923e-01 3.89625e+01 3.13398e+00 8.02572e-01
5.94322e-01 3.51687e-01 3.58530e+01 4.90539e+00 7.41869e-04
4.39780e-05 6.13403e-01 2.28697e+01 1.22557e+01 1.14469e-01
7.83806e-05 1.17434e+00 2.07968e+01 1.55088e+01 8.95927e-04
1.12268e-05 1.05333e+00 4.72242e+01 2.75334e+00 3.72449e-01
2.45520e-04 5.21672e-01 6.09713e+01 6.90507e+00 2.79681e-02
-1.00000e+00 1.63099e-01 3.28622e+01 6.63348e+00 3.53470e-05
3.10343e-06 7.55611e-01 8.32857e+00 5.49343e+00 7.22122e-01
1.62461e-01 2.88123e+00 2.55703e+00 1.09840e+01 1.57085e-04
6.09055e-05 2.09909e-01 6.14647e+01 1.58716e+00 4.65649e-01
1.35818e-01 2.47392e+00 3.73066e+01 6.96796e+00 1.56200e-04
4.34995e-02 4.15573e-01 4.55897e+01 4.35810e+00 5.59335e-01
1.89048e-01 5.17768e-01 3.19486e+01 5.11033e+00 2.20375e-01
7.93557e-05 2.15444e-02 1.29255e+01 6.66354e+00 2.17267e-04
3.33048e-05 5.81209e-02 3.40016e+01 7.33176e+00 7.57007e-01
1.79672e-05 7.33271e-01 3.96231e+01 4.18685e+00 1.09224e+00
2.87136e-04 1.36331e+00 2.25830e+01 1.03017e+01 1.43383e-01
8.05695e-01 1.05087e-01 1.81448e+01 1.80510e+01 5.49406e-02
2.52007e-01 3.07449e-01 3.23354e+01 1.04037e+01 4.78972e-01
3.77886e-01 6.57115e-01 6.88452e+00 2.46542e+01 1.46236e-05
-1.00000e+00 8.01947e+00 3.94108e+01 5.69859e+00 9.13948e-03
2.74615e-01 1.53857e-01 5.33447e+01 6.08464e+00 1.43748e-02
-1.00000e+00 9.90936e-01 2.96950e+01 1.25601e+01 3.64440e-01
3.28249e-05 1.32732e+00 1.85870e+01 1.12718e+01 3.59103e-01
2.44095e-04 1.76425e+00 7.44225e+00 4.03528e+00 1.31397e-01
9.68212e-02 3.38464e+00 2.39095e+01 1.33874e+01 7.13995e-01
3.09625e-05 1.64780e+00 3.72793e+01 5.45037e+00 2.98191e-04
4.08889e-05 1.52169e+00 3.69712e+01 4.33743e+00 2.14262e-01
5.41697e-05 -1.00000e+00 4.91556e+00 8.53716e+00 2.15873e-04
1.38390e-04 2.83274e+00 2.67742e+01 6.92601e+00 2.20818e-01
8.71879e-02 6.00849e-01 1.89293e+01 3.29523e+00 1.05841e+00
1.37652e-01 3.70026e-01 4.94057e+01 4.07730e+00 5.15719e-01
4.67066e-09 4.86571e+00 4.53942e+00 1.46301e+01 6.50409e-04
6.32337e-05 1.22069e+00 2.24755e+01 5.69783e+00 1.08148e-02
1.13505e-04 1.18412e+00 2.72571e+01 1.05000e+01 3.70354e-04
4.07129e-05 1.41616e+00 2.80687e+01 6.71515e+00 5.69111e-01
2.35526e-04 1.97322e-01 1.99983e+01 8.79229e+00 1.89665e-01
2.10330e-05 1.63564e+00 3.20313e+01 1.17503e+01 1.24077e-01
1.73486e-10 6.70451e-01 3.69684e+01 9.99535e+00 7.32828e-01
5.70835e-06 6.38475e-01 4.67640e+01 5.75323e+00 1.04168e-04
9.35495e-06 6.31374e-01 3.05440e+01 4.97454e+00 3.39803e-01
1.45237e-01 1.48778e+00 1.55359e+01 1.35650e+01 4.02911e-04
-1.00000e+00 1.24495e+00 3.17754e+00 8.61510e+00 2.54770e-04
9.40288e-05 1.80607e-01 1.37689e+01 6.06220e+00 4.36192e-01
8.62252e-05 1.92423e-01 5.59867e+01 2.50899e+00 5.41286e-01
1.57042e-05 1.31263e-01 2.18573e+01 2.88153e+00 2.10482e-01
2.61324e-01 2.06096e+00 2.44976e+01 1.11843e+01 1.23546e-04
1.69874e-06 7.26775e-01 2.77889e+01 5.18573e+00 8.94500e-01
2.32254e-05 4.91431e-01 6.94196e+01 1.44985e-01 1.31262e-01
5.66686e-06 2.21058e-01 3.07651e+01 9.64202e+00 4.66323e-01
1.33781e-06 1.25648e+00 1.24330e+01 7.63242e+00 2.18931e-04
1.75333e-01 4.57386e-01 6.09275e+01 3.56880e+00 1.52521e-01
2.00622e-01 7.84434e-01 2.97418e+01 6.63614e+00 1.27997e-01
6.52027e-11 5.32883e-01 2.81092e+01 6.57658e+00 2.14629e-04
7.61370e-05 4.38827e-01 7.27262e+00 8.62496e+00 2.45999e-01
7.29068e-05 1.30438e+00 3.59616e+01 5.50678e+00 3.12732e-01
2.23210e-01 3.16339e-01 3.62303e+01 4.97831e+00 8.11924e-04
2.94314e-04 2.28047e+00 2.16160e+01 1.33293e+01 6.51202e-01
-1.00000e+00 7.18921e-01 4.09423e+01 6.15300e+00 8.07798e-01
-1.00000e+00 6.11680e-01 4.69861e+01 4.85173e+00 7.96393e-04
-1.00000e+00 4.89163e+00 2.23111e+01 1.17991e+01 7.32637e-05
7.93180e-08 3.71989e-01 2.72992e+01 6.25093e+00 5.78332e-05
2.55444e-05 1.47806e+00 8.85078e+00 1.87284e+01 3.35770e-01
1.37594e-07 1.02307e-01 4.11984e+01 3.77449e+00 5.62763e-01
1.28748e-05 7.57829e-02 1.39910e+01 1.05164e+01 7.47413e-04
1.59217e-06 3.07417e-01 4.31817e+01 8.29527e-01 6.83010e-01
2.31336e-01 1.56451e-01 4.29200e+01 4.91981e+00 5.26015e-04
2.21084e-01 8.78655e-01 3.89508e+01 6.09179e+00 5.98502e-04
3.34132e-01 1.09327e-03 4.19635e+01 8.11984e-01 4.26050e-01
-1.00000e+00 6.90705e-01 2.84529e+01 4.48278e+00 1.43925e-01
6.77531e-03 8.17763e-01 2.45002e+01 1.98994e+01 4.61676e-01
1.36317e-04 2.11289e-01 3.18497e+01 6.01235e+00 3.61132e-01
1.37479e-01 4.22075e-01 4.40480e+01 4.92122e-01 3.00474e-01
1.04117e-04 4.99552e-02 6.15518e+01 9.38332e-03 1.43882e-01
-1.00000e+00 3.04637e-01 2.39779e+01 1.27154e+00 1.42198e-01
3.17921e-11 6.55818e-01 5.94662e+01 1.20197e+00 1.47089e-01
-1.00000e+00 2.42881e+00 5.40840e+00 1.56119e+01 2.50199e-01
3.40313e-05 7.54374e-05 5.35064e+01 3.06092e+00 6.80183e-02
2.35307e-05 3.25382e+00 3.42356e+01 9.87724e+00 2.39212e+00
5.89520e-02 1.18332e+00 3.62155e+01 4.95943e+00 3.28126e-01
1.59169e-04 1.09269e+00 2.72629e+01 5.03840e+00 5.56616e-01
2.81836e-05 3.15675e-03 4.65947e+01 5.17175e+00 6.64730e-07
3.07240e-05 8.82959e-01 4.04735e+01 5.17620e+00 9.13627e-01
5.56132e-05 1.16582e+00 3.19321e+01 5.74860e+00 1.91651e-04
1.29685e-05 1.12303e+00 2.66351e+01 5.40236e+00 2.70802e-01
1.87875e-04 4.53009e-01 2.68939e+01 4.57619e+00 8.47105e-02
6.15109e-05 2.58670e-04 6.00989e+01 9.10458e-01 4.38674e-01
3.82661e-01 6.01145e-01 2.14660e+01 2.84785e+00 7.63414e-05
2.11105e-05 9.53645e-01 1.91164e+01 1.07798e+01 6.31645e-04
1.05994e-01 1.10222e+00 4.14957e+01 6.45285e+00 8.87277e-05
9.74895e-06 1.72772e+00 2.21348e+01 1.31160e+01 6.02593e-04
2.65957e-01 3.51705e+00 2.19730e+01 1.01833e+01 2.65550e-01
8.15362e-06 1.80781e+00 1.66157e+01 2.18085e+00 1.15722e+00
9.18167e-07 9.66861e-01 5.74494e+01 8.09953e-01 2.60745e-01
2.01969e-01 5.82210e-01 3.26637e+01 9.83778e-01 2.57817e-04
4.04198e-02 2.29693e-01 5.06313e+01 9.94341e-01 3.94933e-02
9.38800e-05 8.75141e-01 2.44934e+01 5.13672e+00 1.77224e-01
4.10180e-05 3.55148e-01 3.28415e+01 2.16471e+00 1.50834e+00
4.28193e-06 3.97933e-01 4.22397e+01 2.65056e+00 9.73325e-01
1.16714e-05 6.13513e-01 3.98348e+01 3.15157e+00 6.66336e-02
2.73225e-04 2.08819e-01 3.68560e+01 9.62754e-01 2.34138e-01
1.12326e-04 1.57005e-04 2.33481e+01 1.50182e+00 2.74728e-01
5.90105e-02 2.44217e-01 6.77550e+01 1.40168e-02 2.23433e-01
5.76035e-05 1.26546e+00 2.80992e+01 4.03585e+00 9.41468e-01
-1.00000e+00 9.11350e-01 4.67550e+01 3.27605e+00 7.53427e-06
6.55152e-01 2.65948e+00 3.39125e+01 6.80714e+00 6.56119e-01
2.21343e-01 4.92623e-03 5.45597e+01 2.92784e+00 6.36182e-01
4.44458e-01 8.69065e-01 1.69039e+01 5.61114e-01 8.75937e-04
1.66482e-04 3.01354e-01 4.94134e+01 2.43470e+00 7.90703e-01
1.94849e-01 1.22866e+00 2.74733e+01 1.01988e+00 9.83649e-01
7.58619e-02 1.17524e+00 5.38536e+01 3.85221e+00 7.77034e-02
2.01119e-04 4.53150e-01 4.17212e+01 3.67989e+00 5.45676e-01
-1.00000e+00 8.25870e-01 4.11931e+01 5.18103e+00 1.50374e-01
1.56034e-04 5.93419e-01 4.10190e+01 2.29728e+00 2.08346e-01
3.19676e-06 3.36424e-01 4.26502e+01 4.91619e+00 1.91360e-01
2.41493e-07 1.10921e-01 5.50751e+01 2.00890e+00 1.42651e-01
5.42475e-06 8.36924e-01 3.55738e+01 4.96626e+00 1.40777e-01
-1.00000e+00 1.12035e+00 3.09089e+01 1.47911e+00 3.59068e-01
-1.00000e+00 1.08520e+00 6.09906e+01 3.79684e+00 2.78082e-01
3.97122e-05 9.39001e-02 6.05626e+01 1.23771e+00 1.48460e-01
8.73280e-02 9.41032e-01 2.75864e+01 6.84864e+00 2.61809e-01
5.96126e-06 1.78457e+00 3.24489e+01 8.87195e+00 3.02991e-01
7.41193e-07 5.42652e-02 7.16025e+01 1.35772e-01 5.01705e-02
5.32090e-05 1.15209e+00 1.09944e+01 1.03087e+01 3.49004e-01
3.70374e-06 9.84600e-01 6.43995e+01 2.66843e-01 2.15715e-01
7.32043e-01 4.78892e-01 4.28456e+01 1.71149e+00 7.25043e-02
4.25420e-01 4.39819e+00 1.91952e+01 8.10966e+00 2.92030e-01
7.53499e-06 3.05208e-04 5.16371e+01 1.96270e+00 5.46233e-01
1.06914e-01 2.65019e-04 5.32961e+01 2.88455e+00 2.23262e-01
4.38018e-01 4.05519e-01 3.09832e+01 8.08495e+00 2.29694e-01
1.72361e-04 1.76652e-01 5.45830e+01 6.64118e-01 2.98645e-01
2.40165e-05 5.68049e-01 1.88976e+01 1.11312e+01 4.36549e-01
3.57713e-06 3.51529e-04 5.07537e+01 7.58507e-01 3.16616e-01
4.85079e-05 7.22745e-01 1.81458e+01 1.09670e+01 1.27722e+00
5.26001e-06 3.13170e+00 1.37460e+01 1.38649e+01 2.30912e-04
1.17066e-02 2.11628e-02 5.65450e+01 7.19916e-01 9.11960e-02
6.15567e-01 7.16838e-06 7.69209e+00 1.03531e+01 2.75655e-04
5.98668e-05 3.05817e-01 1.66408e+01 2.42739e+00 6.13791e-01
1.77263e-04 1.57475e+00 1.18975e+01 6.69115e+00 1.46079e+00
2.34005e-04 3.88996e-01 5.42329e+01 8.48245e-01 3.58366e-01
1.18274e-04 1.20985e+00 4.79082e+01 1.60790e+00 1.22307e+00
1.08614e-05 5.69077e-01 4.53193e+01 6.15868e-01 1.32706e+00
2.38985e-04 1.74699e-03 6.43827e+01 1.55061e+00 2.04440e-04
1.37147e-02 6.96845e-01 4.51239e+01 4.31427e+00 2.28198e-01
1.08947e-04 7.76781e-02 7.39471e+01 3.01109e-01 9.65711e-02
-1.00000e+00 1.00105e+00 4.52490e+01 3.16789e+00 5.12603e-02
1.30764e-04 5.60979e-05 5.59394e+01 3.56831e-01 6.43033e-05
2.85181e-04 1.46690e-01 1.00589e+01 5.38067e+00 1.14424e+00
1.99417e-01 2.78181e-05 2.93885e+01 3.05566e+00 7.34042e-01
5.04343e-05 1.06566e-03 2.12603e+01 5.33315e+00 8.34396e-02
3.03814e-04 6.48492e-01 6.34661e+01 2.28070e-01 3.19210e-05
1.16869e-02 4.46249e-01 5.14425e+01 2.63455e-01 3.48106e-01
6.43539e-07 9.90048e-01 3.52141e+01 7.23783e-01 2.79395e-04
6.87218e-06 4.96459e-01 3.51765e+01 7.21507e-01 4.85987e-01
3.19574e-05 2.72122e-01 3.77971e+01 2.82792e+00 8.54615e-01
6.82880e-05 1.14064e-01 -1.00000e+00 6.39059e-01 3.39091e-01
-1.00000e+00 1.13003e-02 5.58198e+01 4.66712e-01 1.37621e-01
3.40184e-05 3.19474e-02 5.91260e+01 1.30682e+00 5.65224e-01
1.02187e-01 1.56856e-01 4.99670e+01 1.47262e+00 1.06940e+00
1.16869e-06 4.11915e-01 2.15219e+01 2.20788e+00 6.10677e-01
2.70593e-01 9.48509e-01 1.80663e+01 3.01950e+00 4.60386e-01
1.42079e-01 3.72506e-01 4.87757e+01 1.36227e+00 7.23467e-01
9.48705e-06 2.05906e-01 6.75531e+01 8.31890e-01 4.89978e-04
1.42839e-04 6.71406e-01 3.35231e+01 2.23793e+00 2.66068e-01
2.73494e-01 1.46197e-03 4.55528e+01 1.66600e+00 5.88073e-01
7.84590e-06 4.30689e-02 2.01324e+01 3.39080e+00 3.18874e-01
1.82469e-06 7.53913e-05 6.40399e+01 -1.00000e+00 1.31471e-01
